 96875
1810 1
1861 1
1862 1
1863 1
1800000 1
1848 1
1859 3
1862 1
189091 1
29051889 1
01071863 1
05111888 1
05121883 1
12011859 1
1485 1
1520 1
1637 1
1807 1
1822 1
1838 1
1850 1
1854 1
1861 5
1861 1
1862 11
1862 1
1863 2
1864 1
1864 1
1866 1
1867 1
1867 1
1867 1
1868 1
1871 1
1871 1
1872 5
1873 1
1876 1
1877 7
1877 1
1878 2
1892 1
1893 1
1893 1
1893 1
1894 1
1894 1
3004 1
50000 1
6111000 1
75000 1
1851 1
06021866 1
09011866 1
1000 1
10000 1
1070000 1
1079 1
11111900 1
1441 1
1516 1
1620 1
1650 1
1657 1
1658 1
1659 1
1686 1
1792 1
1792 1
18021885 1
1808 1
1810 1
1814 1
1814 1
1818 1
1821 1
1822 1
1825 1
1830 1
1833 1
1840 1
1840 1
1841 1
1842 1
1845 1
1848 1
1850 1
1855 1
1856 1
1856 1
1856 1
1857 1
1858 1
1858 1
1859 4
1859 1
1860 3
1860 1
1860 1
1861 3
1861 1
1862 2
1862 1
1863 5
1864 25
1864 1
1864 1
1865 15
1866 2
1867 1
1868 2
1868 1
1869 1
1869 1
1870 1
1871 1
1871 1
1871 1
1872 1
1873 3
1873 1
1874 2
1874 1
1874 1
1874 1
1874 1
1875 1
1876 2
1876 1
1876 1
1877 1
1878 3
1880 1
1883 1
1884 1
1884 1
1885 1
1886 3
1888 3
1888475667000 1
1889 3
18901891 1
189091 1
1891 2
1891 1
1891 1
1892 3
1893 2
1893 1
1894 2
1895 3
1896 2
1896 1
1897 2
1897 1
1900 2
1905 1
1906 2
1910 1
1914 1
1920 1
1938 1
1994 1
20061607 1
2130 1
23011866 1
2321970 1
2537 1
29031860 1
30011866 1
65609 1
70000 1
7377 1
76000000 1
7804 1
